RH	AH
55.025	0.84125
50.18666667	0.900833333
49.10416667	0.935416667
45.7	0.960833333
50.1625	1.042083333
53.95416667	1.0175
48.20416667	0.908333333
54.71666667	0.866666667
49.15833333	0.755833333
44.82208333	1.199166667
49.16666667	0.780833333
43.7625	0.667916667
52.97916667	0.740833333
53.05	0.782083333
47.35833333	0.787916667
51.22083333	0.835416667
69.34166667	1.09875
64.27916667	1.09875
64.1375	1.121666667
67.43333333	1.03125
56.90833333	0.980416667
45	0.9
39.30833333	0.884583333
39.15	0.910833333
48.52083333	1.079583333
41.19583333	0.7
38.55833333	0.724583333
35.55416667	0.814583333
42.775	1.009583333
51.19166667	1.06875
66.57083333	1.344583333
52.18333333	1.167083333
49.56666667	1.07375
48.75416667	1.127916667
66.275	1.337916667
66.89166667	1.218333333
62.77916667	1.005
55.58333333	0.93875
59.30833333	0.935
56.92083333	0.967083333
50.4625	0.99875
48.05416667	0.97875
56.32083333	1.09375
51.34166667	1.025833333
37.30833333	0.89875
34.3875	0.8075
34.8375	0.887916667
26.02083333	0.635416667
30.98333333	0.857083333
37.69166667	0.9925
37.43333333	1.003333333
34.72083333	0.929583333
42.35416667	1.0825
41.75833333	1.069166667
25.66666667	0.558333333
26.33208333	0.627916667
30.51166667	0.894583333
32.06666667	0.837916667
41.14166667	0.989583333
39.0625	0.905416667
31.28333333	0.843333333
42.87083333	1.111666667
66.15416667	1.533333333
52.68333333	1.478333333
45.95	1.21875
39.42083333	1.089166667
45.07083333	1.275416667
48.72916667	1.199166667
37.7125	1.124583333
38.35	1.255416667
35.84583333	1.314583333
36.65833333	1.329166667
29.58333333	1.033333333
33.55416667	1.160416667
42.84166667	1.143333333
43.89166667	1.15375
36.06666667	1.167916667
41.97083333	1.314166667
42.625	1.312083333
38.00416667	1.3525
44.26958333	1.279166667
46.20083333	1.13
35.62	1.014166667
37.975	1.162083333
36.52083333	1.228333333
41.33333333	1.435416667
33.7	1.159166667
32.24583333	1.15125
33.67083333	1.350833333
33.2125	1.387083333
37.05833333	1.6
38.65	1.680416667
39.69166667	1.625833333
33.77916667	1.364166667
31.89583333	1.129583333
35.59166667	1.251666667
31.0125	1.16
31.14583333	1.201666667
25.40833333	1.109583333
28.20833333	1.284583333
31.21666667	1.182083333
35.72916667	1.144583333
36.0875	1.11375
40.79583333	1.096666667
34.71666667	0.962916667
28.46666667	0.935416667
32.59166667	1.1325
30.99166667	1.102916667
29.22083333	1.08125
26.90416667	1.042916667
28.80833333	1.184583333
29.225	1.2625
30.80416667	1.33875
33.0875	1.454583333
31.85	1.398333333
39.87916667	1.630416667
49.75416667	1.69125
35.6125	1.442083333
32.475	1.17875
26.45	0.935416667
28.30416667	1.082916667
37.05416667	1.448333333
38.52666667	1.547916667
42.12083333	1.672916667
43.63333333	1.765
41.35	1.74375
42.05833333	1.720416667
56.64583333	1.799583333
58.0375	1.89
46.3625	1.715833333
50.14583333	1.82375
50.50166667	1.715
43.8875	1.85375
46.00416667	1.997916667
47.5875	1.978333333
44.47083333	1.740416667
41.8	1.643333333
37.76666667	1.414583333
30.23333333	1.170833333
33.85833333	1.346666667
37.40833333	1.52375
41.4	1.88
45.25833333	1.915416667
37.69583333	1.29375
38.43333333	1.215833333
34.825	1.199166667
35.99166667	1.274166667
42.14583333	1.592083333
47.64041667	1.115
48.44958333	1.05
40.36708333	1.315
44.9875	1.516666667
46.15416667	1.576666667
46.18333333	1.582916667
42.09166667	1.383333333
38.06666667	1.39125
37.2375	1.442083333
34.64583333	1.36625
27.2375	1.057916667
36.4125	1.226666667
34.04291667	1.149583333
42.57958333	1.015416667
26.55	0.964166667
30.6125	1.077083333
35.55	1.20625
55.24583333	1.69125
50	1.585416667
55.95416667	1.71375
67.76666667	1.8475
61.10833333	1.525833333
48.52916667	1.24
38.85833333	1.118333333
43.92083333	1.279166667
43.2625	1.32
47.61666667	1.423333333
51.27916667	1.494583333
50.7875	1.596666667
58.6125	1.439583333
40.99166667	0.81
42.45416667	0.85375
42.44583333	0.882083333
42.39166667	0.9175
44.05416667	1.03375
53.0875	1.329166667
59.79208333	1.540833333
57.39166667	1.559583333
56.40833333	1.54125
56.58333333	1.451666667
53.55	1.45
55.64583333	1.492083333
54.57083333	1.495833333
54.93333333	1.515833333
54.79166667	1.675833333
66.9125	1.746666667
67.12083333	1.54
57.20416667	1.151666667
54.91666667	0.95125
55.78333333	1.11625
64.6	1.30625
62.10416667	1.18
55.38333333	1.099583333
60.3875	1.1775
67.02083333	1.385
66.21666667	1.692916667
60.47083333	1.7425
61.64583333	1.645833333
62.50833333	1.5775
62.8	1.550833333
69.75	1.479583333
66.2125	1.4675
72.33333333	1.512916667
67.8	1.409166667
73.89166667	1.65
71.16666667	1.59
68.82916667	1.67375
70.09166667	1.742916667
64.5	1.535416667
58.0125	1.442083333
62.00416667	1.465
62.23333333	1.36875
63.4875	1.314166667
45.86666667	0.82
50.62083333	0.6625
64.7875	0.687083333
71.81666667	0.807083333
75.7125	0.978333333
61.90833333	1.065
53.85	1.049166667
44.30833333	0.55125
35.075	0.489166667
36.1875	0.532083333
51.7	0.662083333
60.88333333	0.8925
53.7875	0.97375
26.425	0.323333333
42.91666667	0.427083333
54.325	0.53125
75.325	0.972083333
75.325	0.99625
63.45833333	0.745416667
66.79583333	0.964583333
75.32083333	1.180833333
72.65833333	0.92875
67.26666667	1.032916667
71.59583333	1.06625
77	1.003333333
71.2375	1.162916667
76.975	1.31875
81.10833333	1.171666667
71.875	1.031666667
63.71666667	1.09
60.4875	1.007083333
64.54583333	1.043333333
55.38333333	0.91375
29.64166667	0.472083333
31.1625	0.45875
51.63333333	0.617916667
56.7875	0.691666667
61.5775	0.826666667
52.08708333	0.93
52.12041667	0.93
55.60875	0.955416667
44.89166667	0.620833333
62.74583333	0.562083333
53.70833333	0.608333333
38.65416667	0.379166667
40.775	0.395416667
49.10416667	0.447083333
57.02083333	0.662083333
69.89583333	0.875833333
74.8	1.044166667
65.45416667	0.948333333
64.54583333	0.854583333
59.09583333	0.732083333
40.55833333	0.486666667
39.34166667	0.455416667
50.79583333	0.5
58.45833333	0.6125
52.71541667	0.91
52.74833333	0.907916667
65.32375	0.8825
61.07083333	0.93125
72.05	0.794166667
65.75	0.824166667
58.99583333	0.960833333
68.6625	1.044166667
64.10416667	0.940833333
65.6875	0.905416667
69.56666667	0.848333333
71.72916667	0.772083333
70.20416667	0.670833333
47.77916667	0.48
46.91666667	0.4475
66.275	0.607916667
64.99583333	0.689166667
44.24583333	0.527083333
59.06666667	0.683333333
55.85416667	0.652083333
53.88333333	0.500833333
47.88333333	0.493333333
50.97083333	0.432083333
49.48333333	0.411666667
39.6125	0.355833333
49.945	0.538333333
49.69666667	0.41125
37.8375	0.325416667
31.80833333	0.3125
51.74166667	0.504166667
43.9375	0.427083333
50.9625	0.512916667
50.17916667	0.497083333
46.60416667	0.41125
39.6	0.34375
35.4	0.3525
41.31333333	0.53375
53.93875	0.861666667
53.9725	0.86
54.015	0.825
59.15	0.647916667
60.66666667	0.8575
40.69583333	0.50375
30.2125	0.3375
42.625	0.409166667
44.4	0.463333333
42.18333333	0.462083333
47.69166667	0.455
54.175	0.593333333
74.3	0.685416667
75.1625	0.67375
78.37916667	0.657083333
78.725	0.70375
62.69583333	0.647083333
56.79583333	0.547916667
52.10833333	0.47625
42.66666667	0.326666667
35.10416667	0.240416667
32.0375	0.25125
67.45833333	0.57875
62.19166667	0.620416667
51.93333333	0.542916667
43.88333333	0.478333333
39.20416667	0.382083333
39.19166667	0.369166667
49.39583333	0.572916667
46.46666667	0.544583333
45.19291667	0.589583333
52.3125	0.765
49.925	0.8075
52.95833333	0.821666667
47.02083333	0.78
43.33333333	0.727083333
41.60416667	0.739166667
45.99166667	0.745833333
57.49166667	0.937916667
53.5	0.950416667
55.52916667	1.005833333
51.50416667	0.94625
44.98333333	0.91
49.56666667	0.951666667
62.75833333	1.233333333
57.9	1.22625
72.45	1.269166667
60.76666667	1.185416667
62.5375	1.115833333
54.0375	0.997083333
50.08333333	0.951666667
