SESM	LKTY	SETY	IKBM
-368	-711	295	3796
-329	-603	314	3232
-399	-793	93	2518
-309	-847	251	3513
-365	-923	217	3002
-318	-1195	148	2328
-400	-1212	203	2619
-313	-1004	87	2399
-442	-616	165	2859
-345	-964	152	2819
-481	-1361	141	2845
-437	-785	-5	3264
-298	-609	139	3269
-382	-629	-2	2169
-385	-719	-36	2160
-442	-932	20	2558
-435	-1025	-102	1683
-347	-1308	125	1595
-331	-1121	-100	1907
-316	-894	164	1678
-296	-913	-31	1231
-329	-1068	108	1676
-374	-998	87	1446
-317	-1109	102	1384
-343	-1159	94	738
-341	-1258	139	475
-313	-1481	-36	840
-426	-1187	11	832
-408	-892	283	1459
-387	-1313	-225	312
-331	-1067	-167	953
-323	-1364	-60	576
-391	-1290	87	1070
-308	-1052	7	797
-374	-1201	-84	655
-399	-1239	52	799
-403	-1148	-169	509
-394	-1276	-23	535
-382	-1169	-112	1410
-375	-1331	-68	777
-330	-1414	-93	867
-287	-1130	-25	1283
-343	-1331	-199	-210
-350	-1263	-61	1149
-307	-1323	-102	1093
-309	-1111	56	778
-500	-1389	-144	300
-334	-1525	81	172
-130	-1142	-115	619
-169	-1752	74	286
-234	-1686	-76	333
-313	-1796	191	-170
-423	-2022	3	-385
-317	-1692	-61	-665
-374	-1950	-214	-619
-410	-2108	-142	-1894
-400	-2406	218	-608
-508	-2223	131	-489
-356	-2165	144	-200
-382	-2242	-222	-974
-517	-2464	265	-491
-328	-2304	32	-1427
-495	-2581	297	-1418
-445	-2568	93	-2021
-378	-2419	363	-1261
-429	-2593	139	-1887
-468	-2606	75	-1654
-477	-2995	23	-1241
-399	-2874	317	-1179
-553	-2934	41	-2418
-453	-2975	-180	-3396
-438	-2940	147	-1836
-537	-2941	168	-1009
-500	-3015	211	-948
-529	-2960	333	-1506
-503	-2927	681	49
-422	-2709	108	-2087
-445	-3029	-289	-3032
-574	-2922	272	-1212
-465	-2941	359	-1097
-499	-3172	-42	-3198
-377	-3134	274	-2120
-515	-3408	260	-2286
-534	-3529	311	-1847
-463	-3369	-112	-3311
-377	-3233	333	-1986
-518	-3296	-80	-1907
-413	-3448	112	-2301
-616	-3502	109	-2686
-383	-3355	-45	-3214
-423	-3268	6	-2899
-490	-3460	-257	-3325
-435	-3225	29	-2265
-485	-3829	-172	-2820
-296	-3525	-19	-1744
-372	-3600	-82	-1152
-284	-3612	-143	-2608
-521	-3575	-57	-2224
-472	-3702	-236	-2495
-499	-4025	20	-2929
-426	-3769	88	-2543
-360	-3821	-50	-1622
-330	-4057	-90	-1802
-143	-4123	-214	-2718
-260	-4103	234	-2085
-337	-4171	159	-1557
-284	-4173	54	-2571
-333	-4496	-249	-2161
-453	-4206	-160	-2788
-380	-4071	-207	-1765
-360	-3334	-63	-911
-155	-3395	-119	-1271
-294	-3526	-111	-2535
-364	-3349	-100	-1146
-382	-3849	-378	-1455
-237	-3804	-231	-1519
-405	-3695	59	-1048
-326	-3809	-202	-1381
-457	-3858	-287	-2069
-209	-3811	-245	-1650
-495	-3884	-69	-1799
-463	-4182	-224	-1693
-537	-4601	-216	-1848
-562	-4377	60	-279
-385	-4501	-199	-1067
-488	-4596	-165	-1692
-620	-4584	-408	-2140
-422	-4432	-170	-1640
-616	-4692	70	-1739
-574	-4480	-132	-646
-494	-4536	-18	202
-442	-4514	-219	-97
-493	-4930	75	-1060
-631	-4977	210	-1223
-529	-4669	-236	-376
-614	-4913	92	-315
-731	-4877	503	271
-364	-4712	142	-503
-223	-4428	-7	450
-198	-4242	-90	831
-711	-4592	95	1095
-602	-4292	277	901
-362	-3961	-2	182
-898	-4089	504	1291
-427	-3089	-215	1079
-698	-3907	479	1237
-804	-4151	213	397
-858	-4127	30	-229
-759	-4041	142	786
-619	-4163	238	-204
-670	-3864	393	-242
-684	-4375	809	49
-814	-4585	538	-599
-911	-4735	237	-240
-844	-4908	426	-100
-829	-5142	442	-670
-796	-4849	-95	-1183
-510	-4276	658	1003
-807	-4954	-480	-832
-855	-5282	-61	-665
-858	-5089	78	-304
-816	-4818	272	-668
-1038	-4945	81	-1039
-985	-5168	386	-1739
-847	-5068	225	-1409
-1108	-4987	320	-453
-732	-4768	-44	-688
-1060	-5179	210	-1124
-927	-5210	-301	826
-894	-4906	734	2723
-1006	-4829	-575	625
-704	-4427	242	2169
-852	-5057	-250	858
-1005	-4852	-223	2092
-954	-5205	-31	2032
-927	-4909	548	1975
-1405	-5934	-477	757
-814	-4592	346	1642
-1295	-5352	200	644
-950	-5564	422	2043
-1214	-6031	109	1925
-1086	-5757	181	2459
-892	-5742	241	2210
-1572	-6432	-225	-1080
-1125	-5757	36	828
-1551	-6111	-555	-174
-1028	-6023	596	2773
-1832	-6743	208	72
-1395	-5885	99	1550
-837	-6022	-411	38
-763	-5962	472	679
-1114	-6285	352	877
-1357	-6751	72	1334
-1229	-6287	-421	1431
-1225	-6761	-430	2481
-1377	-6661	659	1461
-1110	-6388	671	446
-1257	-6938	366	412
-1340	-7263	49	54
-1304	-7001	89	1098
-1507	-7737	-359	-655
-1444	-7516	-41	-3659
-1430	-7533	-201	-3303
-1547	-7185	530	-325
-1469	-7397	185	-2425
-1593	-7493	149	-977
-1654	-7253	366	-103
-1989	-7612	122	-1716
-1833	-7553	285	-235
-1705	-7628	-15	-628
-1955	-7902	229	-1841
-1561	-7111	-89	-990
-1745	-7764	522	48
-1876	-7795	578	135
-1849	-7888	520	23
-1908	-8041	687	-4098
-1815	-7888	826	-2571
-1899	-8115	354	-2996
-1852	-7978	818	-2212
-1635	-7638	1010	-1954
-1917	-7893	1011	-506
-1895	-7751	1127	-1036
-1691	-7768	107	-2636
-1636	-7591	707	-1093
-1747	-7445	1302	-914
-1968	-8091	306	-4335
-1884	-8140	429	-1738
-1997	-7738	396	-196
-2050	-8034	595	-808
-1759	-8289	602	-2283
-1728	-8234	410	-3685
-1860	-7887	384	-2035
-1870	-8068	290	-584
-1970	-8698	-98	-2915
-2033	-7923	90	-2811
-2215	-8498	208	-4974
-2176	-8868	-406	-5744
-1917	-8315	517	-869
-2383	-9240	-24	-2799
-2053	-9071	101	-2816
-2110	-8478	294	-1216
-2016	-8638	386	-1035
-2135	-8882	-75	-2567
-2120	-8588	391	-87
-2373	-8640	175	-1729
-2039	-9119	-354	-2956
-2144	-8351	125	-1448
-2480	-9276	43	-1981
-2363	-8429	-325	-775
-2317	-8799	321	-1452
-1848	-8381	103	-2057
-2083	-8494	583	-1412
-1896	-8481	227	-2007
-1898	-7997	282	-214
-1907	-8676	141	-2607
-2045	-8760	474	-3034
-2271	-9528	272	-2249
-2329	-9026	518	-821
-2184	-8673	392	-897
-2478	-8482	-107	-2397
-2143	-8669	179	-586
-2436	-8919	119	-2352
-2610	-9254	-45	-2587
-2464	-9605	-360	-3964
-2829	-9911	15	-6538
-2950	-9753	135	-7298
-3241	-10231	251	-7687
-2494	-9450	413	-4832
-2467	-8780	31	-2318
-2532	-8251	555	439
-2135	-8416	924	1487
-2229	-8643	997	179
-2512	-9451	748	-2459
-2785	-9688	804	-2417
-2277	-8439	1242	3269
-1591	-7321	867	5745
-1919	-7136	889	3177
-1517	-7346	430	-620
-2068	-8113	1042	-3412
-1520	-4679	638	2632
-1232	-4163	430	4529
